1
300 698

23
0 1024 700
420 622 601
725 984 520
40 400 285
40 280 165
850 920 -240
920 1000 -340
190 230 -1250
180 220 -1270
170 210 -1290
160 200 -1310
150 190 -1330
140 180 -1350
130 170 -1370
120 160 -1390
110 150 -1410
100 140 -1430
220 420 -2170
150 220 -2145
180 162 -2300
200 423 -3070
170 220 -3120
250 425 -3702

43
148 170 -2250
168 180 -2270
163 200 -2390
198 210 -2400
208 220 -2405
218 235 -2410
233 300 -2415
298 330 -2420
328 340 -2425
338 350 -2435
348 355 -2450
353 400 -2500
795 802 -2600
790 797 -2615
785 792 -2630
780 787 -2645
775 782 -2660
770 777 -2675
765 772 -2690
760 767 -2705
400 409 -2800
407 418 -2850
400 423 -2900
203 210 -3250
208 215 -3300
213 220 -3310
218 230 -3320
228 330 -3330
330 342 -3320
340 352 -3305
350 362 -3285
360 385 -3250
383 390 -3300
388 395 -3330
391 405 -3340
402 415 -3450
412 425 -3600
298 305 -3750
303 310 -3790
308 325 -3810
323 345 -3820
343 360 -3830
358 370 -3840

18
-4269 750 984
-2170 -2145 220
-2200 -2602 800
-2600 -2617 795
-2615 -2632 790
-2630 -2647 785
-2645 -2662 780
-2660 -2677 775
-2675 -2692 770
-2690 -2707 765
-2705 -3122 760
-3122 -3500 750
-3250 -3287 360
-3285 -3307 350
-3305 -3322 340
-3320 -3332 330
-3600 -4200 760
-4370 -5000 790

40
-10000 750 40
-2130 -2170 420
-2252 -2145 150
-2250 -2272 170
-2270 -2302 180
-2300 -2392 165
-2390 -2402 200
-2400 -2405 210
-2405 -2412 220
-2410 -2417 235
-2415 -2422 300
-2420 -2427 330
-2425 -2437 340
-2435 -2452 350
-2450 -2502 355
-2500 -2752 400
-2750 -2802 402
-2800 -2852 409
-2848 -2912 416
-2848 -2912 415
-2900 -3070 423
-3070 -3120 220
-3120 -3252 205
-3250 -3300 210
-3300 -3312 215
-3310 -3322 220
-3320 -3332 230
-3250 -3302 385
-3300 -3332 390
-3330 -3344 395
-3340 -3452 405
-3450 -3602 415
-3600 -3702 425
-3702 -3752 300
-3750 -3792 305
-3790 -3812 310
-3810 -3822 325
-3820 -3832 345
-3830 -3842 360
-3840 -4500 370

44
40 700 250 387
788 412 236 30
577 295 284 30
430 50 200 20
750 -100 250 30
970 -120 50 220
120 -322 650 30
20 -322 50 30
70 -322 50 10
600 -615 400 30
950 -600 50 200
650 -825 130 25
930 -1050 70 30
20 -1000 200 30
20 -1200 680 30
20 -1420 80 30
200 -1420 180 30
250 -1800 200 25
400 -1990 50 15
650 -2330 15 50
650 -2330 200 15
740 -2600 50 20
710 -2570 30 40
400 -2760 200 20
700 -2760 100 20
270 -3110 155 100
300 -3150 130 60
390 -3350 50 20
680 -3500 100 20
690 -3510 70 100
680 -3600 100 20
405 -3682 30 20
700 -4200 100 20
800 -4207 20 20
807 -4214 20 20
814 -4221 20 20
821 -4228 20 20
828 -4235 20 20
835 -4242 20 20
842 -4249 20 20
849 -4256 1000 20
984 -4260 15 100
830 -4380 200 20
790 -4370 40 20

2
40 -1450 22
370 -3702 28

2
665 -2345 135 17 
715 -2360 20 220

1
500 -1231

1
944 -4260 40 400

