1
300 -1240

20
0 1024 700
420 622 601
725 984 520
40 400 285
40 280 165
850 920 -240
920 1000 -340
190 230 -1250
180 220 -1270
170 210 -1290
160 200 -1310
150 190 -1330
140 180 -1350
130 170 -1370
120 160 -1390
110 150 -1410
100 140 -1430
220 420 -2170
150 220 -2145
180 162 -2300

12
148 170 -2250
168 180 -2270
163 200 -2390
198 210 -2400
208 220 -2405
218 235 -2410
233 300 -2415
298 330 -2420
328 340 -2425
338 350 -2435
348 355 -2450
353 400 -2500

3
-10000 750 984
-2170 -2145 220
-2000 -2600 800

16
-10000 750 40
-2130 -2170 420
-2252 -2145 150
-2250 -2272 170
-2270 -2302 180
-2300 -2392 165
-2390 -2402 200
-2400 -2405 210
-2405 -2412 220
-2410 -2417 235
-2415 -2422 300
-2420 -2427 330
-2425 -2437 340
-2435 -2452 350
-2450 -2502 355
-2500 -2552 400

21
40 700 250 387
788 412 236 30
577 295 284 30
430 50 200 20
750 -100 250 30
970 -120 50 220
120 -322 650 30
20 -322 50 30
70 -322 50 10
600 -615 400 30
950 -600 50 200
650 -825 130 25
930 -1050 70 30
20 -1000 200 30
20 -1200 680 30
20 -1420 80 30
200 -1420 180 30
250 -1800 200 25
400 -1990 50 15
650 -2330 15 50
650 -2330 200 15

1
40 -1450 22

0

0

0

